0 5 0 96
6 11 96 192
12 17 192 299
18 23 299 395
24 29 395 500
30 35 500 596
36 41 596 692
42 47 692 788
48 53 788 884
54 59 884 980
60 65 988 1084
66 71 1084 1188
72 77 1188 1284
78 83 1284 1380
84 89 1380 1476
90 95 1476 1572
96 101 1572 1668
102 107 1668 1764
108 113 1764 1860
114 119 1860 1956
120 125 1956 2052
126 131 2052 2163
132 137 2163 2259
138 143 2259 2355
144 149 2355 2462
150 155 2462 2558
156 161 2558 2654
162 167 2654 2763
168 173 2763 2859
174 179 2859 2955
180 185 2955 3051
186 191 3051 3147
192 197 3147 3243
198 203 3243 3339
204 209 3339 3435
210 215 3435 3531
216 221 3531 3627
222 227 3627 3723
228 233 3723 3819
234 239 3819 3915
240 245 3915 4011
246 251 4011 4107
252 257 4107 4203
258 263 4203 4299
264 269 4299 4395
270 275 4395 4491
276 281 4491 4587
282 287 4587 4683
288 293 4683 4779
294 299 4779 4875
300 305 4875 4971
306 311 4971 5067
312 317 5067 5163
318 323 5163 5259
324 329 5259 5355
330 335 5355 5451
336 341 5451 5547
342 347 5547 5643
348 353 5643 5739
354 359 5739 5835
360 365 5835 5931
366 371 5931 6027
372 377 6027 6123
378 383 6123 6219
384 389 6219 6315
390 395 6315 6411
396 401 6411 6507
402 407 6507 6603
408 413 6603 6699
414 419 6699 6808
420 425 6808 6904
426 431 6904 7000
432 437 7000 7096
438 443 7096 7192
444 449 7192 7288
450 455 7288 7384
456 461 7384 7480
462 467 7480 7576
468 473 7576 7690
474 479 7690 7786
480 485 7786 7882
486 491 7882 7978
492 497 7978 8074
498 503 8074 8170
504 509 8170 8266
510 515 8266 8362
516 521 8362 8458
522 527 8458 8554
528 533 8554 8650
534 539 8650 8760
540 545 8760 8856
546 551 8856 8952
552 557 8952 9048
558 563 9048 9144
564 569 9144 9240
570 575 9240 9343
576 581 9343 9439
582 587 9439 9535
588 593 9535 9631
594 599 9631 9727
600 605 9727 9823
606 611 9823 9919
612 617 9919 10015
618 623 10015 10111
624 629 10111 10207
630 635 10207 10303
636 641 10303 10399
642 647 10399 10495
648 653 10495 10604
654 659 10604 10700
660 665 10700 10796
666 671 10796 10892
672 677 10892 10988
678 683 10988 11091
684 689 11091 11187
690 695 11187 11283
696 701 11283 11379
702 707 11379 11475
708 713 11475 11571
714 719 11571 11667
720 725 11667 11763
726 731 11763 11859
732 737 11859 11955
738 743 11955 12051
744 749 12051 12161
750 755 12161 12257
756 761 12257 12353
762 767 12353 12449
768 773 12449 12545
774 779 12545 12641
780 785 12641 12737
786 791 12737 12833
792 797 12833 12929
798 803 12929 13025
804 809 13025 13142
810 815 13142 13238
816 821 13238 13334
822 827 13334 13430
828 833 13430 13526
834 839 13526 13622
840 845 13622 13718
846 851 13718 13814
852 857 13814 13910
858 863 13910 14006
864 869 14006 14102
870 875 14102 14198
876 881 14198 14294
882 887 14294 14390
888 893 14390 14486
894 899 14486 14582
900 905 14582 14678
906 911 14678 14774
912 917 14774 14880
918 923 14880 14976
924 929 14976 15072
930 935 15072 15168
936 941 15168 15280
942 947 15280 15376
948 953 15376 15472
954 959 15472 15568
960 965 15568 15664
966 971 15664 15760
972 977 15760 15856
978 983 15856 15952
984 989 15952 16048
990 995 16048 16144
996 1001 16144 16254
1002 1007 16254 16350
1008 1013 16350 16460
1014 1019 16460 16556
1020 1025 16556 16652
1026 1031 16652 16748
1032 1037 16748 16844
1038 1043 16844 16940
1044 1049 16940 17036
1050 1055 17036 17132
1056 1061 17132 17228
1062 1067 17228 17324
1068 1073 17324 17420
1074 1079 17420 17516
1080 1085 17516 17612
1086 1091 17612 17708
1092 1097 17708 17804
1098 1103 17804 17900
1104 1109 17900 17996
1110 1115 17996 18114
1116 1121 18114 18210
1122 1127 18210 18306
1128 1133 18306 18402
1134 1139 18402 18498
1140 1145 18498 18594
1146 1151 18594 18690
1152 1157 18690 18786
1158 1163 18786 18882
1164 1169 18882 19000
1170 1175 19000 19096
1176 1181 19096 19192
1182 1187 19192 19288
1188 1193 19288 19384
1194 1199 19384 19480
1200 1205 19480 19576
1206 1211 19576 19672
1212 1217 19672 19768
1218 1223 19768 19864
1224 1229 19864 19960
1230 1235 19960 20056
1236 1241 20056 20169
1242 1247 20169 20265
1248 1253 20265 20361
1254 1259 20361 20457
1260 1265 20457 20560
1266 1271 20560 20656
1272 1277 20656 20752
1278 1283 20752 20848
1284 1289 20848 20944
1290 1295 20944 21040
1296 1301 21040 21136
1302 1307 21136 21232
1308 1313 21232 21328
1314 1319 21328 21424
1320 1325 21424 21520
1326 1331 21520 21616
1332 1337 21616 21712
1338 1343 21712 21808
1344 1349 21808 21904
1350 1355 21904 22000
1356 1361 22000 22096
1362 1367 22096 22192
1368 1373 22192 22288
1374 1379 22288 22384
1380 1385 22384 22480
1386 1391 22480 22576
1392 1397 22576 22684
1398 1403 22684 22780
1404 1409 22780 22876
1410 1415 22876 22981
1416 1421 22981 23077
1422 1427 23077 23173
1428 1433 23195 23291
1434 1439 23291 23387
1440 1445 23387 23483
1446 1451 23483 23579
1452 1457 23579 23675
1458 1463 23675 23771
1464 1469 23771 23867
1470 1475 23867 23963
1476 1481 23963 24059
1482 1487 24059 24155
1488 1493 24155 24251
1494 1499 24251 24347
1500 1505 24347 24443
1506 1511 24443 24539
1512 1517 24539 24648
1518 1523 24648 24744
1524 1529 24744 24840
1530 1535 24840 24936
1536 1541 24936 25039
1542 1547 25039 25135
1548 1553 25135 25231
1554 1559 25231 25327
1560 1565 25327 25423
1566 1571 25423 25519
1572 1577 25519 25615
1578 1583 25615 25711
1584 1589 25711 25807
1590 1595 25807 25903
1596 1601 25903 26007
1602 1607 26007 26103
1608 1613 26103 26199
1614 1619 26199 26295
1620 1625 26295 26391
1626 1631 26391 26487
1632 1637 26487 26583
1638 1643 26583 26679
1644 1649 26679 26775
1650 1655 26795 26891
1656 1661 26891 26987
1662 1667 26987 27105
1668 1673 27105 27201
1674 1679 27201 27316
1680 1685 27316 27412
1686 1691 27412 27508
1692 1697 27508 27604
1698 1703 27604 27700
1704 1709 27700 27796
1710 1715 27815 27911
1716 1721 27911 28007
1722 1727 28007 28121
1728 1733 28121 28217
1734 1739 28217 28313
1740 1745 28313 28409
1746 1751 28409 28505
1752 1757 28505 28601
1758 1763 28601 28697
1764 1769 28697 28793
1770 1775 28793 28889
1776 1781 28889 28995
1782 1787 28995 29091
1788 1793 29091 29187
1794 1799 29187 29283
1800 1805 29283 29379
1806 1811 29379 29475
1812 1817 29475 29571
1818 1823 29571 29667
1824 1829 29667 29781
1830 1835 29781 29877
1836 1841 29877 29984
1842 1847 29984 30080
1848 1853 30080 30176
1854 1859 30176 30272
1860 1865 30272 30368
1866 1871 30368 30464
1872 1877 30464 30560
1878 1883 30560 30656
1884 1889 30656 30752
1890 1895 30752 30848
1896 1901 30848 30944
1902 1907 30944 31040
1908 1913 31040 31136
1914 1919 31136 31232
1920 1925 31232 31328
1926 1931 31328 31424
1932 1937 31424 31520
1938 1943 31520 31616
1944 1949 31616 31712
1950 1955 31712 31824
1956 1961 31824 31920
1962 1967 31920 32016
1968 1973 32016 32112
1974 1979 32124 32220
1980 1985 32220 32316
1986 1991 32316 32412
1992 1997 32412 32508
1998 2003 32508 32604
2004 2009 32604 32700
2010 2015 32700 32796
2016 2021 32796 32892
2022 2027 32892 32988
2028 2033 32988 33084
2034 2039 33084 33190
2040 2045 33190 33286
2046 2051 33286 33382
2052 2057 33382 33478
2058 2063 33478 33574
2064 2069 33574 33670
2070 2075 33670 33766
2076 2081 33766 33862
2082 2087 33862 33958
2088 2093 33958 34054
2094 2099 34054 34150
2100 2105 34150 34246
2106 2111 34246 34362
2112 2117 34362 34458
2118 2123 34458 34554
2124 2129 34554 34650
2130 2135 34650 34746
2136 2141 34746 34842
2142 2147 34842 34958
2148 2153 34958 35054
2154 2159 35054 35150
2160 2165 35150 35246
2166 2171 35246 35342
2172 2177 35342 35438
2178 2183 35438 35534
2184 2189 35534 35649
2190 2195 35649 35745
2196 2201 35745 35841
2202 2207 35841 35959
2208 2213 35959 36055
2214 2219 36055 36151
2220 2225 36151 36247
2226 2231 36247 36343
2232 2237 36343 36439
2238 2243 36439 36535
2244 2249 36535 36631
2250 2255 36631 36727
2256 2261 36727 36823
2262 2267 36823 36919
2268 2273 36919 37015
2274 2279 37015 37123
2280 2285 37123 37219
2286 2291 37219 37315
2292 2297 37315 37411
2298 2303 37411 37507
2304 2309 37507 37603
2310 2315 37603 37699
2316 2321 37699 37814
2322 2327 37814 37910
2328 2333 37910 38006
2334 2339 38006 38102
2340 2345 38113 38209
2346 2351 38209 38305
2352 2357 38305 38401
2358 2363 38401 38497
2364 2369 38497 38593
2370 2375 38593 38689
2376 2381 38689 38785
2382 2387 38785 38881
2388 2393 38881 38977
2394 2399 38977 39073
2400 2405 39073 39179
2406 2411 39179 39275
2412 2417 39275 39371
2418 2423 39371 39467
2424 2429 39467 39563
2430 2435 39563 39659
2436 2441 39659 39755
2442 2447 39755 39851
2448 2453 39851 39947
2454 2459 39947 40043
2460 2465 40043 40139
2466 2471 40139 40235
2472 2477 40235 40331
2478 2483 40331 40427
2484 2489 40427 40523
2490 2495 40523 40619
2496 2501 40619 40715
2502 2507 40715 40811
2508 2513 40811 40907
