0 6 0 112
6 14 96 240
14 19 224 320
20 26 327 439
26 34 423 567
37 44 599 727
44 48 711 791
48 52 775 855
53 61 872 1016
61 65 1000 1080
65 75 1064 1240
75 80 1224 1320
80 83 1304 1368
83 88 1352 1448
88 96 1432 1576
96 99 1560 1624
100 105 1624 1720
107 110 1736 1800
110 114 1784 1864
114 121 1848 1992
121 125 1976 2056
125 131 2040 2152
131 135 2136 2216
135 139 2200 2280
139 146 2264 2392
146 150 2376 2456
150 154 2440 2520
154 159 2504 2600
159 164 2584 2680
164 168 2664 2744
168 172 2728 2808
172 177 2792 2888
177 181 2872 2952
181 185 2936 3016
185 192 3000 3128
192 199 3112 3240
200 207 3240 3368
207 211 3352 3432
211 216 3416 3512
216 226 3496 3672
226 232 3656 3768
232 243 3752 3944
243 246 3928 3992
247 253 4002 4114
255 261 4130 4242
262 275 4242 4486
275 280 4470 4566
280 287 4550 4678
287 295 4662 4806
295 299 4790 4870
300 309 4870 5030
309 318 5014 5174
319 325 5174 5286
326 332 5286 5419
332 341 5403 5563
341 345 5547 5627
345 354 5611 5771
354 357 5755 5819
357 367 5803 5979
367 374 5963 6091
374 382 6075 6219
382 389 6203 6331
389 396 6315 6443
396 399 6427 6500
399 403 6484 6564
403 413 6548 6724
413 416 6708 6772
416 424 6756 6900
424 434 6884 7060
435 441 7072 7184
441 445 7168 7263
445 453 7247 7391
453 461 7375 7519
462 468 7532 7644
468 477 7628 7788
478 485 7796 7924
485 493 7908 8052
493 499 8036 8148
500 506 8148 8260
506 513 8244 8372
513 519 8356 8468
519 523 8452 8532
523 528 8516 8612
528 533 8596 8692
533 540 8676 8804
540 545 8788 8884
545 552 8868 8996
552 560 8980 9124
560 566 9108 9220
566 572 9204 9316
572 580 9300 9444
581 590 9444 9604
590 594 9588 9668
594 599 9652 9748
602 611 9780 9940
611 617 9924 10036
617 620 10020 10084
620 623 10068 10132
623 627 10116 10196
627 632 10180 10276
632 640 10260 10404
640 646 10388 10500
646 650 10484 10564
651 657 10576 10688
657 664 10672 10800
664 673 10784 10944
673 677 10928 11008
677 682 10992 11088
682 689 11072 11200
689 695 11184 11296
696 699 11307 11371
701 704 11387 11451
704 712 11435 11579
713 717 11587 11667
717 729 11651 11859
732 737 11891 11987
737 740 11971 12043
740 753 12027 12251
753 765 12235 12443
765 771 12427 12539
771 779 12523 12667
779 785 12651 12763
785 792 12747 12875
792 799 12859 12987
800 808 12987 13131
808 818 13115 13291
818 824 13275 13387
824 832 13371 13515
833 841 13515 13680
841 850 13664 13824
850 857 13808 13936
857 861 13920 14000
861 865 13984 14064
865 873 14048 14192
876 880 14224 14304
880 886 14288 14400
886 893 14384 14512
893 899 14496 14608
900 904 14608 14688
905 909 14706 14786
909 914 14770 14866
914 921 14850 14978
921 924 14962 15026
924 931 15010 15138
931 935 15122 15202
935 940 15186 15282
940 945 15266 15362
945 951 15346 15458
951 955 15442 15522
955 961 15506 15618
961 966 15602 15698
966 973 15682 15810
973 976 15794 15858
976 981 15842 15938
981 988 15922 16050
988 994 16034 16146
994 999 16130 16226
1000 1008 16226 16370
1008 1014 16354 16466
1014 1020 16450 16562
1021 1027 16576 16688
1030 1038 16720 16864
1038 1041 16848 16912
1041 1049 16896 17040
1049 1053 17024 17104
1053 1063 17088 17264
1063 1071 17248 17392
1071 1077 17376 17488
1077 1083 17472 17584
1083 1090 17568 17696
1090 1095 17680 17776
1096 1099 17786 17850
1101 1106 17866 17962
1106 1113 17946 18074
1113 1122 18058 18218
1123 1137 18231 18471
1137 1147 18455 18631
1148 1153 18631 18747
1153 1161 18731 18875
1161 1174 18859 19091
1174 1181 19075 19203
1181 1185 19187 19267
1185 1197 19251 19459
1200 1204 19508 19588
1204 1213 19572 19732
1213 1218 19716 19812
1218 1222 19796 19876
1224 1235 19892 20084
1235 1245 20068 20244
1245 1253 20228 20372
1253 1260 20356 20484
1260 1271 20468 20660
1273 1284 20676 20868
1284 1287 20852 20916
1287 1294 20900 21028
1294 1299 21012 21108
1299 1303 21092 21172
1303 1310 21156 21284
1310 1315 21268 21364
1315 1324 21348 21508
1324 1331 21492 21620
1331 1335 21604 21684
1335 1344 21668 21828
1344 1347 21812 21876
1347 1357 21860 22036
1357 1365 22020 22164
1365 1371 22148 22260
1371 1376 22244 22340
1377 1380 22356 22420
1380 1387 22404 22532
1387 1392 22516 22612
1392 1399 22596 22724
1399 1404 22708 22804
1404 1407 22788 22852
1407 1415 22836 22980
1415 1420 22964 23060
1420 1426 23044 23156
1426 1432 23140 23252
1432 1440 23236 23380
1440 1446 23364 23476
1447 1456 23486 23646
1456 1464 23630 23774
1464 1468 23758 23838
1468 1476 23822 23966
1476 1482 23950 24062
1482 1492 24046 24222
1492 1497 24206 24302
1500 1505 24334 24430
1505 1514 24414 24574
1514 1518 24558 24638
1519 1527 24656 24800
1527 1534 24784 24912
1534 1546 24896 25104
1546 1555 25088 25248
1555 1560 25232 25328
1560 1564 25312 25392
1564 1576 25376 25584
1576 1580 25568 25648
1581 1587 25660 25772
1587 1591 25756 25836
1592 1599 25850 25978
1600 1610 25978 26154
1610 1616 26138 26250
1616 1628 26234 26442
1628 1638 26426 26602
1638 1651 26586 26810
1651 1658 26794 26932
1659 1666 26932 27060
1666 1674 27044 27188
1674 1681 27172 27300
1682 1686 27300 27400
1686 1690 27384 27464
1691 1699 27464 27608
1700 1704 27608 27688
1704 1712 27672 27816
1712 1717 27800 27896
1717 1724 27880 28008
1724 1733 27992 28152
1733 1737 28136 28216
1737 1743 28200 28312
1743 1750 28296 28424
1750 1758 28408 28561
1758 1763 28545 28641
1763 1766 28625 28689
1766 1769 28673 28737
1771 1775 28753 28833
1775 1779 28817 28897
1779 1784 28881 28986
1784 1790 28970 29082
1790 1799 29066 29226
1800 1806 29226 29338
1806 1815 29322 29482
1815 1818 29466 29530
1818 1826 29514 29658
1826 1836 29642 29831
1836 1841 29815 29911
1841 1852 29895 30087
1852 1856 30071 30151
1856 1866 30135 30311
1866 1875 30295 30455
1876 1883 30464 30592
1883 1889 30576 30688
1889 1898 30672 30844
1900 1911 30860 31052
1911 1918 31036 31164
1918 1923 31148 31244
1924 1928 31255 31335
1928 1933 31319 31415
1933 1942 31399 31559
1943 1951 31570 31714
1952 1955 31730 31794
1955 1961 31778 31890
1961 1966 31874 31970
1966 1977 31954 32146
1977 1980 32130 32201
1980 1990 32185 32361
1990 1999 32345 32505
2000 2012 32505 32713
2012 2024 32697 32905
2024 2035 32889 33081
2038 2045 33120 33248
2045 2051 33232 33344
2051 2054 33328 33392
2054 2065 33376 33568
2065 2069 33552 33632
2069 2074 33616 33712
2074 2085 33696 33888
2085 2094 33872 34032
2094 2099 34016 34112
2100 2104 34112 34192
2104 2110 34176 34288
2110 2113 34272 34351
2113 2121 34335 34479
2121 2129 34463 34607
2129 2134 34591 34687
2134 2143 34671 34831
2143 2147 34815 34895
2147 2151 34879 34959
2151 2160 34943 35103
2160 2164 35087 35167
2164 2167 35151 35233
2167 2176 35217 35377
2176 2181 35361 35457
2181 2191 35441 35636
2191 2199 35620 35764
2202 2207 35796 35892
2208 2219 35892 36106
2219 2224 36090 36186
2224 2227 36170 36234
2227 2237 36218 36394
2237 2249 36378 36586
2249 2256 36570 36698
2256 2260 36682 36762
2260 2263 36746 36810
2263 2274 36794 36986
2274 2277 36970 37034
2277 2280 37018 37090
2280 2288 37074 37218
2288 2299 37202 37394
2300 2310 37394 37570
2310 2314 37554 37634
2315 2323 37644 37788
2323 2333 37772 37948
2333 2339 37932 38044
2339 2348 38028 38188
2348 2361 38172 38396
2363 2371 38412 38556
2371 2379 38540 38684
2379 2385 38668 38780
2385 2392 38764 38892
2392 2396 38876 38956
2396 2399 38940 39004
