0 10 0 176
11 18 186 314
19 23 314 394
23 27 378 458
27 31 442 522
31 35 506 586
35 41 570 682
41 51 666 842
52 56 855 935
56 60 919 999
60 64 983 1063
64 68 1047 1127
68 72 1111 1191
76 80 1239 1319
80 84 1303 1383
84 89 1367 1463
89 99 1447 1623
100 104 1623 1703
104 108 1687 1767
108 112 1751 1831
112 116 1815 1895
116 120 1879 1959
120 127 1943 2071
128 132 2085 2165
132 136 2149 2229
136 143 2213 2341
144 148 2341 2440
148 152 2424 2504
152 156 2488 2568
156 160 2552 2632
160 164 2616 2696
165 169 2696 2795
169 173 2779 2859
173 177 2843 2923
177 181 2907 2987
181 185 2971 3051
185 189 3035 3115
189 193 3099 3179
193 199 3163 3275
200 204 3275 3355
204 208 3339 3419
208 213 3403 3499
213 217 3483 3563
217 221 3547 3627
221 227 3611 3723
228 234 3739 3851
234 238 3835 3915
238 244 3899 4011
244 248 3995 4075
248 252 4059 4139
252 256 4123 4203
256 260 4187 4267
264 268 4315 4395
268 272 4379 4459
272 276 4443 4523
276 280 4507 4587
280 284 4571 4651
284 288 4635 4715
288 292 4699 4779
292 299 4763 4891
300 304 4891 4971
304 308 4955 5035
308 312 5019 5099
312 316 5083 5163
316 320 5147 5227
320 324 5211 5291
324 328 5275 5355
328 332 5339 5419
332 336 5403 5483
336 340 5467 5547
341 345 5547 5627
345 352 5611 5739
353 357 5739 5819
357 361 5803 5883
361 365 5867 5947
365 369 5931 6011
369 373 5995 6075
373 377 6059 6139
381 385 6187 6267
385 389 6251 6331
389 393 6315 6395
393 399 6379 6491
401 405 6507 6587
405 409 6571 6651
409 413 6635 6715
414 418 6733 6813
422 426 6861 6941
426 430 6925 7005
430 434 6989 7069
434 438 7053 7133
438 442 7117 7197
442 446 7181 7261
446 450 7245 7325
450 455 7309 7405
456 460 7413 7493
460 471 7477 7669
471 479 7653 7797
479 483 7781 7861
483 487 7845 7925
487 491 7909 7989
491 499 7973 8117
502 507 8149 8245
507 511 8229 8309
511 515 8293 8373
515 519 8357 8437
523 527 8485 8565
527 531 8549 8629
531 535 8613 8693
535 539 8677 8757
539 543 8741 8821
543 547 8805 8885
547 551 8869 8949
551 555 8933 9013
555 559 8997 9077
559 563 9061 9141
563 569 9125 9237
570 574 9247 9327
574 578 9311 9391
578 583 9375 9471
583 587 9455 9535
588 596 9542 9686
596 599 9670 9734
600 606 9734 9846
606 610 9830 9910
610 614 9894 9974
615 619 9991 10071
620 624 10071 10151
624 628 10135 10215
628 632 10199 10279
632 636 10263 10343
636 640 10327 10407
640 644 10391 10471
644 648 10455 10535
648 652 10519 10599
652 656 10583 10663
656 662 10647 10759
662 666 10743 10823
666 670 10807 10887
670 675 10871 10967
675 679 10951 11031
679 683 11015 11095
683 687 11079 11159
687 691 11143 11223
691 695 11207 11287
696 699 11287 11351
700 704 11351 11431
704 708 11415 11495
708 712 11479 11559
712 716 11543 11623
716 720 11607 11687
720 727 11671 11799
728 732 11806 11886
732 736 11870 11950
736 740 11934 12014
740 744 11998 12078
744 748 12062 12142
748 752 12126 12206
752 756 12190 12270
757 762 12285 12381
762 771 12365 12525
772 776 12535 12615
776 780 12599 12679
780 784 12663 12743
784 788 12727 12807
788 792 12791 12871
792 799 12855 12983
800 804 12983 13063
804 808 13047 13127
808 812 13111 13191
812 816 13175 13255
816 820 13239 13319
820 824 13303 13383
824 830 13367 13479
830 834 13463 13543
834 840 13527 13639
842 851 13655 13824
851 854 13808 13872
854 858 13856 13936
858 862 13920 14000
862 866 13984 14064
870 876 14112 14224
876 883 14208 14350
883 887 14334 14414
887 891 14398 14478
891 899 14462 14606
900 904 14606 14686
904 908 14670 14750
908 915 14734 14862
916 920 14869 14949
920 924 14933 15013
924 928 14997 15077
928 932 15061 15141
932 936 15125 15205
936 943 15189 15317
943 947 15301 15381
948 953 15399 15495
955 963 15511 15655
963 967 15639 15719
967 971 15703 15783
975 979 15831 15911
983 987 15959 16039
987 991 16023 16103
991 999 16087 16231
1000 1004 16231 16311
1004 1008 16295 16375
1008 1012 16359 16439
1012 1018 16423 16535
1019 1028 16543 16703
1028 1032 16687 16767
1032 1036 16751 16831
1036 1040 16815 16895
1040 1044 16879 16959
1044 1048 16943 17023
1048 1052 17007 17087
1052 1056 17071 17151
1056 1060 17135 17215
1060 1064 17199 17279
1064 1068 17263 17343
1068 1072 17327 17407
1072 1076 17391 17471
1076 1080 17455 17535
1080 1084 17519 17599
1088 1095 17647 17775
1095 1099 17759 17839
1100 1110 17839 18029
1110 1114 18013 18093
1114 1118 18077 18157
1118 1122 18141 18221
1122 1126 18205 18285
1126 1130 18269 18349
1130 1134 18333 18413
1134 1138 18397 18477
1138 1142 18461 18541
1142 1146 18525 18605
1146 1150 18589 18669
1150 1154 18653 18733
1154 1158 18717 18797
1158 1162 18781 18861
1162 1166 18845 18925
1166 1173 18909 19037
1173 1177 19021 19101
1181 1185 19149 19229
1185 1189 19213 19293
1189 1193 19277 19357
1193 1199 19341 19453
1200 1204 19453 19533
1208 1212 19581 19661
1212 1216 19645 19725
1216 1220 19709 19789
1220 1224 19773 19853
1225 1230 19867 19963
1230 1235 19947 20043
1236 1240 20057 20137
1240 1244 20121 20201
1244 1248 20185 20265
1248 1253 20249 20345
1254 1260 20352 20464
1260 1264 20448 20528
1264 1268 20512 20592
1268 1272 20576 20656
1272 1276 20640 20720
1276 1280 20704 20784
1280 1284 20768 20848
1284 1290 20832 20944
1291 1299 20961 21105
1300 1304 21105 21185
1304 1308 21169 21249
1308 1312 21233 21313
1312 1316 21297 21377
1316 1320 21361 21441
1320 1324 21425 21505
1324 1328 21489 21569
1328 1332 21553 21633
1332 1336 21617 21697
1336 1341 21681 21777
1342 1346 21786 21866
1350 1354 21914 21994
1354 1358 21978 22058
1358 1362 22042 22122
1362 1366 22106 22186
1366 1370 22170 22250
1370 1375 22234 22330
1376 1383 22346 22474
1386 1390 22520 22600
1390 1394 22584 22664
1394 1399 22648 22744
1400 1404 22744 22824
1404 1408 22808 22888
1408 1412 22872 22952
1412 1418 22936 23048
1419 1427 23060 23204
1428 1432 23204 23284
1432 1436 23268 23348
1436 1440 23332 23412
1440 1444 23396 23476
1444 1448 23460 23540
1452 1456 23588 23668
1456 1460 23652 23732
1460 1464 23716 23796
1464 1468 23780 23860
1468 1472 23844 23924
1472 1476 23908 23988
1476 1480 23972 24052
1480 1484 24036 24116
1484 1488 24100 24180
1488 1492 24164 24244
1492 1499 24228 24356
1503 1514 24415 24607
1515 1521 24615 24727
1522 1533 24727 24919
1534 1546 24919 25127
1546 1550 25111 25191
1550 1554 25175 25255
1554 1559 25239 25335
1559 1563 25319 25399
1564 1568 25409 25489
1568 1572 25473 25553
1572 1576 25537 25617
1576 1580 25601 25681
1580 1584 25665 25745
1584 1588 25729 25809
1592 1599 25857 25985
1600 1604 25985 26080
1604 1608 26064 26144
1608 1612 26128 26208
1612 1616 26192 26272
1620 1628 26320 26464
1629 1636 26474 26602
1636 1644 26586 26730
1645 1649 26744 26824
1649 1653 26808 26888
1653 1657 26872 26952
1657 1661 26936 27016
1661 1665 27000 27080
1665 1669 27064 27144
1669 1673 27128 27208
1673 1678 27192 27288
1679 1683 27288 27368
1683 1687 27352 27432
1687 1691 27416 27496
1691 1699 27480 27624
1702 1709 27664 27792
1711 1718 27808 27936
1718 1721 27920 27984
1722 1729 27984 28131
1729 1735 28115 28227
1735 1739 28211 28291
1739 1743 28275 28355
1743 1747 28339 28419
1747 1751 28403 28483
1751 1758 28467 28595
1759 1763 28603 28683
1763 1767 28667 28747
1767 1771 28731 28811
1771 1775 28795 28875
1775 1779 28859 28939
1779 1783 28923 29003
1783 1787 28987 29067
1791 1799 29115 29259
1800 1806 29259 29371
1807 1811 29371 29473
1811 1815 29457 29537
1815 1819 29521 29601
1819 1823 29585 29665
1823 1827 29649 29729
1827 1831 29713 29793
1831 1836 29777 29873
1836 1840 29857 29937
1840 1844 29921 30001
1844 1848 29985 30065
1848 1852 30049 30129
1852 1856 30113 30193
1856 1860 30177 30257
1860 1864 30241 30321
1864 1868 30305 30385
1872 1876 30433 30513
1876 1882 30497 30609
1882 1886 30593 30683
1886 1893 30667 30795
1893 1899 30779 30891
1900 1910 30891 31083
1910 1914 31067 31147
1914 1918 31131 31211
1918 1922 31195 31275
1922 1928 31259 31371
1929 1933 31387 31467
1934 1942 31467 31611
1942 1946 31595 31675
1946 1950 31659 31739
1954 1958 31787 31867
1958 1962 31851 31931
1962 1966 31915 31995
1967 1972 32002 32098
1972 1977 32082 32178
1977 1987 32162 32338
1988 1997 32338 32517
2000 2011 32549 32741
2012 2018 32756 32868
2019 2024 32868 32964
2025 2029 32976 33056
2029 2033 33040 33120
2037 2041 33168 33248
2041 2045 33232 33312
2045 2049 33296 33376
2049 2053 33360 33440
2054 2058 33440 33541
2058 2062 33525 33605
2062 2066 33589 33669
2066 2073 33653 33781
2074 2080 33781 33913
2080 2084 33897 33977
2084 2088 33961 34041
2088 2092 34025 34105
2092 2099 34089 34217
2100 2105 34231 34327
2105 2109 34311 34391
2109 2116 34375 34503
2117 2121 34521 34601
2121 2125 34585 34665
2125 2129 34649 34729
2129 2133 34713 34793
2133 2137 34777 34857
2137 2141 34841 34921
2141 2147 34905 35017
2148 2152 35030 35110
2152 2156 35094 35174
2156 2160 35158 35238
2160 2167 35222 35350
2167 2174 35334 35462
2175 2179 35480 35560
2179 2183 35544 35624
2183 2187 35608 35688
2187 2191 35672 35752
2191 2199 35736 35880
2200 2209 35880 36040
2210 2218 36055 36199
2218 2225 36183 36311
2225 2233 36295 36439
2234 2238 36455 36535
2238 2242 36519 36599
2242 2246 36583 36663
2246 2250 36647 36727
2250 2254 36711 36791
2254 2258 36775 36855
2258 2262 36839 36919
2262 2266 36903 36983
2266 2270 36967 37047
2270 2274 37031 37111
2274 2278 37095 37175
2282 2286 37223 37303
2286 2290 37287 37367
2290 2297 37351 37479
2300 2304 37521 37601
2304 2308 37585 37665
2308 2312 37649 37729
2312 2316 37713 37793
2316 2320 37777 37857
2320 2324 37841 37921
2324 2331 37905 38033
2331 2335 38017 38097
2335 2339 38081 38161
2339 2343 38145 38225
2343 2347 38209 38289
2347 2351 38273 38353
2355 2362 38401 38529
2363 2368 38544 38640
2368 2374 38624 38736
2374 2382 38720 38864
2382 2386 38848 38928
2386 2390 38912 38992
2390 2394 38976 39056
2394 2399 39040 39136
